65
970
230
809
516
57
334
415
674
332
109
286
370
757
595
147
108
23
478
517
334
173
948
727
23
846
270
167
55
858
324
573
150
981
586
887
32
398
777
74
516
756
129
198
256
725
565
167
717
394
92
29
844
591
358
468
259
994
872
588
474
183
107
46
842
390
101
887
870
841
467
149
21
476
80
424
159
275
175
461
970
160
788
58
479
498
369
28
487
50
270
383
366
780
373
705
330
142
949
349
473
159
872
878
201
906
70
486
632
608
122
720
227
686
173
959
638
646
664
645
718
483
852
392
311
457
352
22
934
283
802
553
276
236
751
343
528
328
969
558
163
328
771
726
977
875
265
686
590
975
620
637
39
115
937
272
277
763
789
646
213
493
647
504
937
687
781
666
583
158
825
212
659
257
436
196
140
248
339
230
361
544
935
638
627
289
867
272
103
584
180
703
449
771
118
396
934
16
548
993
704
457
233
401
827
376
146
606
922
516
284
889
475
978
475
984
16
77
610
254
636
662
473
213
25
463
215
173
35
741
125
787
289
425
973
1
167
121
445
702
532
366
678
764
125
349
13
179
522
493
989
720
438
660
983
533
487
27
644
750
865
1
176
694
695
798
925
413
250
970
821
421
361
920
761
27
676
92
194
897
612
610
283
881
906
899
426
554
403
826
869
730
0
866
580
888
43
64
69
176
329
469
292
991
591
346
1
607
934
784
572
389
979
654
420
390
702
24
102
949
508
361
280
65
777
359
165
21
7
525
760
938
254
733
707
463
60
887
531
380
982
305
355
503
818
495
472
293
816
195
904
475
481
431
260
130
627
460
622
696
300
37
133
637
675
465
592
741
895
91
109
582
694
546
208
488
786
959
192
834
879
649
228
621
630
107
598
420
134
133
185
471
230
974
74
76
852
383
267
419
359
484
510
33
177
935
310
998
270
598
199
998
836
14
97
856
398
319
549
92
765
412
945
160
265
638
619
722
183
674
468
468
885
675
636
196
912
721
16
199
175
775
944
350
557
361
361
594
861
257
606
734
767
746
788
346
153
739
414
915
940
152
943
849
712
100
546
744
764
141
39
993
758
190
888
18
584
341
875
359
388
894
437
987
517
372
286
662
713
915
964
146
529
416
376
147
902
26
398
175
270
335
532
540
607
495
222
801
982
304
166
56
868
448
744
567
277
298
651
377
684
832
39
219
863
868
794
80
983
269
238
498
223
521
830
260
491
896
220
680
48
542
961
820
148
114
99
143
691
796
986
346
367
939
875
625
482
464
812
705
860
466
781
499
338
488
858
795
437
11
625
965
874
928
600
86
133
149
865
480
325
499
834
421
298
900
905
184
740
258
762
295
129
240
833
471
385
899
162
288
450
850
227
273
954
965
611
643
147
290
866
186
156
776
775
998
333
325
572
927
744
777
833
551
301
716
848
102
790
959
404
987
415
455
242
600
517
16
320
632
568
338
216
331
726
959
605
134
677
288
10
718
852
440
104
712
388
261
609
620
341
579
450
628
217
878
763
209
126
663
864
232
776
942
336
733
681
512
78
668
699
746
46
618
330
615
427
62
116
127
955
306
425
190
370
187
971
534
397
657
840
718
116
836
994
419
764
214
285
641
951
882
13
829
624
216
665
521
268
468
418
728
356
449
194
362
948
924
249
524
992
571
283
608
129
486
859
498
21
467
591
924
556
97
898
586
10
202
67
501
141
603
727
101
995
278
964
240
423
634
533
424
451
555
732
514
803
300
551
753
411
315
963
129
389
601
526
839
299
578
112
960
632
867
273
61
427
367
924
413
34
773
654
131
874
282
891
956
201
267
969
200
673
423
907
57
27
459
863
322
934
663
424
687
837
958
645
120
306
930
121
694
524
205
137
849
681
380
586
916
478
182
874
715
590
111
19
161
915
730
678
822
818
699
601
673
233
501
624
679
400
581
665
903
622
585
800
899
669
81
746
595
935
668
295
893
266
628
987
367
294
727
12
876
186
589
70
129
454
17
946
200
181
163
80
940
587
21
198
25
932
339
480
764
883
454
807
287
868
614
814
591
919
508
479
452
155
41
163
606
7
269
576
858
506
23
447
397
595
753
5
186
667
305
46
303
673
927
91
34
757
406
390
76
517
806
330
34
130
103
56
545
78
31
372
235
516
159
187
930
888
96
444
991
872
302
566
33
818
694
406
20
18
371
320
724
994
730
613
105
878
311
883
367
243
627
944
43
412
921
332
474
276
629
917
77
643
556
998
328
723
161
250
1
919
392
264
408
633
495